81.28% Accuratezza predizione Decision Tree usando i parametri che restituiscono il miglior punteggio nel train 
matrice : 
[[803   4  15  46   9   3 107   1  11   1]
 [ 10 938   6  32   5   0   7   0   2   0]
 [ 16   0 716  11 155   1  87   0  13   1]
 [ 55  22  17 811  67   1  18   0   6   3]
 [  9   1 144  43 727   1  70   0   5   0]
 [  0   1   0   2   0 893   1  64   6  33]
 [191   4 136  39  99   1 502   0  27   1]
 [  0   0   0   0   0  42   0 893   4  61]
 [  6   0  10   5   9  14  11  10 931   4]
 [  1   0   1   1   0  17   0  62   4 914]]
Classification report: 
             precision    recall  f1-score   support

          0       0.74      0.80      0.77      1000
          1       0.97      0.94      0.95      1000
          2       0.69      0.72      0.70      1000
          3       0.82      0.81      0.82      1000
          4       0.68      0.73      0.70      1000
          5       0.92      0.89      0.91      1000
          6       0.63      0.50      0.56      1000
          7       0.87      0.89      0.88      1000
          8       0.92      0.93      0.93      1000
          9       0.90      0.91      0.91      1000

avg / total       0.81      0.81      0.81     10000

79.76% Accuratezza predizione del Perceptron usando i parametri che restituiscono il miglior punteggio nel train :
matrice : 
[[882   4  20  42   6   0  38   0   7   1]
 [  8 951   8  27   1   0   3   1   0   1]
 [ 27   6 854  22  45   0  45   1   0   0]
 [ 73  15  15 864  12   0  19   0   2   0]
 [  7   5 332  79 488   0  89   0   0   0]
 [  3   2   1   1   0 891   1  48   5  48]
 [245   3 194  52  52   0 445   0   8   1]
 [  0   0   0   0   0  40   0 930   0  30]
 [ 49   1  83  27   9  15  77   5 733   1]
 [  0   0   2   0   0  22   1  37   0 938]]
Classification report: 
             precision    recall  f1-score   support

          0       0.68      0.88      0.77      1000
          1       0.96      0.95      0.96      1000
          2       0.57      0.85      0.68      1000
          3       0.78      0.86      0.82      1000
          4       0.80      0.49      0.61      1000
          5       0.92      0.89      0.91      1000
          6       0.62      0.45      0.52      1000
          7       0.91      0.93      0.92      1000
          8       0.97      0.73      0.84      1000
          9       0.92      0.94      0.93      1000

avg / total       0.81      0.80      0.79     10000
